lower: [1]      0      0      0      0      0 -10000 -10000 -10000 -10000 -10000      0      0      0
upper: [1] 10000 10000 10000 10000 10000 10000 10000 10000 10000 10000 10000 10000 10000
ssminval = 2.811617e-53 
Start:lamda: 1e-04  SS= 115.6632  at  = 0.7893708  = 0.5130504  = 0.2909272  = 0.1306394  = 6.250642  = 0.1344048  = 0.0015921  = -0.041234  = 1.132887  = 0.0139265  = 0.4242405  = 0.2330996  = 6.710293  1 / 0
roff = 0.0006779719   converged =  FALSE 
gradient projection =  -0.02784091  g-delta-angle= 90.0322 
Stepsize= 1 
lamda: 0.001  SS= 115.6863  at  = 0.8011546  = 0.5101089  = 0.2886001  = 0.1308212  = 6.66264  = 0.1412575  = 0.001599523  = -0.04102869  = 1.12113  = 0.01348773  = 0.4166304  = 0.2325513  = 6.882693  2 / 1
roff = 0.0006734241   converged =  FALSE 
gradient projection =  -0.02759564  g-delta-angle= 90.03291 
Stepsize= 1 
lamda: 0.01  SS= 115.6861  at  = 0.8011431  = 0.5101183  = 0.2886357  = 0.1309493  = 6.648793  = 0.1412193  = 0.001599214  = -0.04103041  = 1.121323  = 0.01348635  = 0.4165563  = 0.2325377  = 6.880788  3 / 1
roff = 0.0006371342   converged =  FALSE 
gradient projection =  -0.02570257  g-delta-angle= 90.03921 
Stepsize= 1 
lamda: 0.1  SS= 115.6841  at  = 0.8009963  = 0.5102043  = 0.2889411  = 0.1317818  = 6.552465  = 0.1409083  = 0.001597037  = -0.04103644  = 1.122843  = 0.01348148  = 0.4160129  = 0.2323842  = 6.863305  4 / 1
roff = 0.000580151   converged =  FALSE 
gradient projection =  -0.01889158  g-delta-angle= 90.07464 
Stepsize= 1 
lamda: 1  SS= 115.6771  at  = 0.7994986  = 0.5108492  = 0.2903159  = 0.1325439  = 6.3579  = 0.1393305  = 0.001592028  = -0.04100312  = 1.128609  = 0.01355876  = 0.4148535  = 0.2313046  = 6.783613  5 / 1
roff = 0.0004173212   converged =  FALSE 
gradient projection =  -0.008415997  g-delta-angle= 90.16591 
Stepsize= 1 
lamda: 10  SS= 115.6675  at  = 0.7943022  = 0.51246  = 0.2914504  = 0.1313504  = 6.272662  = 0.1358322  = 0.001590054  = -0.04116793  = 1.133842  = 0.01381354  = 0.4181429  = 0.2308646  = 6.7218  6 / 1
roff = 0.0001977323   converged =  FALSE 
gradient projection =  -0.001844216  g-delta-angle= 90.22727 
Stepsize= 1 
lamda: 100  SS= 115.6635  at  = 0.7903079  = 0.5130462  = 0.2911828  = 0.1307823  = 6.2543  = 0.1344591  = 0.00159143  = -0.04124298  = 1.133386  = 0.01391483  = 0.4229679  = 0.2324585  = 6.71128  7 / 1
roff = 6.774735e-05   converged =  FALSE 
gradient projection =  -0.0002221239  g-delta-angle= 90.23771 
Stepsize= 1 
No parameter change

 
Time elapsed in optimization
    user  system elapsed 
   1.29    0.00    1.30 

 
