                                                                         
  CORRELATION MATRICES FOR EXPLANATORY VARIABLES (Site Incremental Areas)
                                            
  SPEARMAN CORRELATIONS FOR ALL OBSERVATIONS
                   point        ndep      MANC_N       FARM_N    Fixation  ldrainden   PPT30MEAN    meanTemp  tiles_perc soil_CLAYAVE   rchdecay1   rchdecay2     iresload
point         1.00000000  0.41677374  0.32194536  0.333565275  0.33134708 -0.3431682  0.04971996  0.12639876  0.35199986   0.13346258 -0.11709714 -0.03566101  0.122375641
ndep          0.41677374  1.00000000  0.59673095  0.678007133  0.67758056 -0.6241496 -0.23615334 -0.20508125  0.24447505  -0.03047798 -0.11322662 -0.06649160  0.199057580
MANC_N        0.32194536  0.59673095  1.00000000  0.749168083  0.75551824 -0.3273829 -0.30628417 -0.25619694  0.47990266   0.01388232  0.09533657  0.11135336  0.083501625
FARM_N        0.33356528  0.67800713  0.74916808  1.000000000  0.96556365 -0.3772026 -0.23136673 -0.06351606  0.60845043   0.21104555  0.02353826  0.03156345  0.006391656
Fixation      0.33134708  0.67758056  0.75551824  0.965563653  1.00000000 -0.4209937 -0.34754286 -0.19969401  0.60536260   0.10983956  0.02351480  0.02789771  0.046808241
ldrainden    -0.34316818 -0.62414960 -0.32738292 -0.377202586 -0.42099367  1.0000000  0.27477213  0.27910900 -0.13730226   0.15811149  0.25540127  0.23178993 -0.155390575
PPT30MEAN     0.04971996 -0.23615334 -0.30628417 -0.231366728 -0.34754286  0.2747721  1.00000000  0.86486660 -0.02898763   0.25390557 -0.16449276 -0.06418107 -0.191129612
meanTemp      0.12639876 -0.20508125 -0.25619694 -0.063516063 -0.19969401  0.2791090  0.86486660  1.00000000  0.08089873   0.46058929 -0.11780370 -0.05295629 -0.208298977
tiles_perc    0.35199986  0.24447505  0.47990266  0.608450430  0.60536260 -0.1373023 -0.02898763  0.08089873  1.00000000   0.19565629 -0.10225371 -0.03116174 -0.132941118
soil_CLAYAVE  0.13346258 -0.03047798  0.01388232  0.211045545  0.10983956  0.1581115  0.25390557  0.46058929  0.19565629   1.00000000 -0.03322474 -0.05849327 -0.241565187
rchdecay1    -0.11709714 -0.11322662  0.09533657  0.023538257  0.02351480  0.2554013 -0.16449276 -0.11780370 -0.10225371  -0.03322474  1.00000000  0.27308484  0.178743368
rchdecay2    -0.03566101 -0.06649160  0.11135336  0.031563448  0.02789771  0.2317899 -0.06418107 -0.05295629 -0.03116174  -0.05849327  0.27308484  1.00000000  0.124756529
iresload      0.12237564  0.19905758  0.08350163  0.006391656  0.04680824 -0.1553906 -0.19112961 -0.20829898 -0.13294112  -0.24156519  0.17874337  0.12475653  1.000000000
  
  
                                                                    
  SUMMARY METRICS FOR EXPLANATORY VARIABLES (Site Incremental Areas)
     point               ndep              MANC_N            FARM_N           Fixation         ldrainden         PPT30MEAN         meanTemp        tiles_perc         soil_CLAYAVE      rchdecay1      
 Min.   :       0   Min.   :   405.9   Min.   :      0   Min.   :      0   Min.   :    0.0   Min.   :-4.9141   Min.   : 427.5   Min.   : 2.469   Min.   :0.0000000   Min.   : 4.676   Min.   :0.00000  
 1st Qu.:    1012   1st Qu.: 77172.3   1st Qu.:  19126   1st Qu.: 115221   1st Qu.:  963.5   1st Qu.:-2.3334   1st Qu.: 853.8   1st Qu.: 7.765   1st Qu.:0.0003117   1st Qu.:20.490   1st Qu.:0.00000  
 Median :    5651   Median :131158.7   Median :  75546   Median : 488558   Median : 6131.0   Median :-2.0373   Median : 958.1   Median : 9.829   Median :0.0350256   Median :25.019   Median :0.03564  
 Mean   :   67348   Mean   :149644.0   Mean   : 153446   Mean   : 798332   Mean   :10260.2   Mean   :-2.0807   Mean   : 958.7   Mean   : 9.358   Mean   :0.1452470   Mean   :24.734   Mean   :0.17915  
 3rd Qu.:   21835   3rd Qu.:193442.5   3rd Qu.: 208438   3rd Qu.:1159268   3rd Qu.:14812.6   3rd Qu.:-1.7916   3rd Qu.:1064.0   3rd Qu.:11.080   3rd Qu.:0.2366969   3rd Qu.:29.274   3rd Qu.:0.22235  
 Max.   :13697234   Max.   :842636.7   Max.   :3216720   Max.   :6799758   Max.   :91537.8   Max.   : 0.1879   Max.   :1508.5   Max.   :14.857   Max.   :0.8846730   Max.   :48.335   Max.   :3.53831  
   rchdecay2          iresload       
 Min.   :0.00000   Min.   :0.000000  
 1st Qu.:0.00000   1st Qu.:0.000000  
 Median :0.03811   Median :0.000000  
 Mean   :0.19346   Mean   :0.017264  
 3rd Qu.:0.25385   3rd Qu.:0.001927  
 Max.   :2.32700   Max.   :2.769950  
                                                                                                          
  FILTERED SUMMARY METRICS FOR EXPLANATORY VARIABLES (zero values converted to minimum of non-zero values)
     point               ndep              MANC_N            FARM_N           Fixation          ldrainden         PPT30MEAN         meanTemp        tiles_perc         soil_CLAYAVE   
 Min.   :       0   Min.   :   405.9   Min.   :      2   Min.   :     12   Min.   :    0.37   Min.   :-4.9141   Min.   : 427.5   Min.   : 2.469   Min.   :0.0000000   Min.   : 4.676  
 1st Qu.:    1012   1st Qu.: 77172.3   1st Qu.:  19126   1st Qu.: 115221   1st Qu.:  963.47   1st Qu.:-2.3334   1st Qu.: 853.8   1st Qu.: 7.765   1st Qu.:0.0003117   1st Qu.:20.490  
 Median :    5651   Median :131158.7   Median :  75546   Median : 488558   Median : 6130.97   Median :-2.0373   Median : 958.1   Median : 9.829   Median :0.0350256   Median :25.019  
 Mean   :   67348   Mean   :149644.0   Mean   : 153446   Mean   : 798332   Mean   :10260.20   Mean   :-2.0807   Mean   : 958.7   Mean   : 9.358   Mean   :0.1452470   Mean   :24.734  
 3rd Qu.:   21835   3rd Qu.:193442.5   3rd Qu.: 208438   3rd Qu.:1159268   3rd Qu.:14812.63   3rd Qu.:-1.7916   3rd Qu.:1064.0   3rd Qu.:11.080   3rd Qu.:0.2366969   3rd Qu.:29.274  
 Max.   :13697234   Max.   :842636.7   Max.   :3216720   Max.   :6799758   Max.   :91537.83   Max.   : 0.1879   Max.   :1508.5   Max.   :14.857   Max.   :0.8846730   Max.   :48.335  
   rchdecay1          rchdecay2            iresload        
 Min.   :0.000007   Min.   :0.0000076   Min.   :0.0000001  
 1st Qu.:0.000007   1st Qu.:0.0000076   1st Qu.:0.0000001  
 Median :0.035636   Median :0.0381130   Median :0.0000001  
 Mean   :0.179150   Mean   :0.1934683   Mean   :0.0172639  
 3rd Qu.:0.222347   3rd Qu.:0.2538489   3rd Qu.:0.0019275  
 Max.   :3.538306   Max.   :2.3270000   Max.   :2.7699499  
  
  
  
  
                                                          
  CORRELATION MATRICES FOR EXPLANATORY VARIABLES (Reaches)
                                            
  SPEARMAN CORRELATIONS FOR ALL OBSERVATIONS
                    point        ndep      MANC_N      FARM_N    Fixation   ldrainden    PPT30MEAN     meanTemp  tiles_perc soil_CLAYAVE   rchdecay1    rchdecay2    iresload
point         1.000000000  0.41661150  0.37677849  0.38920381  0.37636089 -0.33377111  0.006438443  0.075461646  0.27681331   0.10195356 -0.13197660  0.004086153  0.07723034
ndep          0.416611505  1.00000000  0.69326532  0.69577192  0.68457262 -0.76097052 -0.122975110 -0.129958941  0.20704711   0.04957898 -0.01367478  0.147862255  0.12220960
MANC_N        0.376778487  0.69326532  1.00000000  0.88494077  0.86293317 -0.52795240 -0.183757041 -0.082657578  0.46808947   0.15122712  0.02432407  0.102175645  0.05644728
FARM_N        0.389203815  0.69577192  0.88494077  1.00000000  0.94563449 -0.53661887 -0.164912883  0.023493291  0.52338495   0.27971030  0.06622008  0.097803241  0.03371242
Fixation      0.376360886  0.68457262  0.86293317  0.94563449  1.00000000 -0.54392029 -0.295342029 -0.135139823  0.52867784   0.15954944  0.04639677  0.083295554  0.05248783
ldrainden    -0.333771108 -0.76097052 -0.52795240 -0.53661887 -0.54392029  1.00000000  0.171122550  0.178419017 -0.13939903   0.03119772  0.12383091 -0.039583965 -0.15402514
PPT30MEAN     0.006438443 -0.12297511 -0.18375704 -0.16491288 -0.29534203  0.17112255  1.000000000  0.844080359 -0.10917269   0.34682528 -0.06072379  0.008917137 -0.10199543
meanTemp      0.075461646 -0.12995894 -0.08265758  0.02349329 -0.13513982  0.17841902  0.844080359  1.000000000  0.03802905   0.51798819 -0.03833254  0.001120716 -0.12846024
tiles_perc    0.276813307  0.20704711  0.46808947  0.52338495  0.52867784 -0.13939903 -0.109172688  0.038029053  1.00000000   0.10647668 -0.04027845  0.024415886 -0.02468498
soil_CLAYAVE  0.101953555  0.04957898  0.15122712  0.27971030  0.15954944  0.03119772  0.346825279  0.517988192  0.10647668   1.00000000  0.06932711  0.032989859 -0.13836208
rchdecay1    -0.131976605 -0.01367478  0.02432407  0.06622008  0.04639677  0.12383091 -0.060723795 -0.038332545 -0.04027845   0.06932711  1.00000000 -0.180319184 -0.15341759
rchdecay2     0.004086153  0.14786226  0.10217565  0.09780324  0.08329555 -0.03958396  0.008917137  0.001120716  0.02441589   0.03298986 -0.18031918  1.000000000 -0.11622423
iresload      0.077230337  0.12220960  0.05644728  0.03371242  0.05248783 -0.15402514 -0.101995429 -0.128460245 -0.02468498  -0.13836208 -0.15341759 -0.116224231  1.00000000
                                                             
  SPEARMAN CORRELATIONS FOR SUBSAMPLE OF OBSERVATIONS (n=500)
                   point        ndep       MANC_N      FARM_N     Fixation   ldrainden   PPT30MEAN    meanTemp  tiles_perc soil_CLAYAVE   rchdecay1   rchdecay2     iresload
point         1.00000000  0.47761857  0.371947237  0.40617093  0.384408383 -0.36847205 -0.01978409  0.04501767  0.26891797   0.12780063 -0.11338961  0.06280189  0.051678200
ndep          0.47761857  1.00000000  0.741626167  0.76412492  0.755612518 -0.77106798 -0.12321342 -0.10008078  0.19662466   0.11222591  0.03070064  0.12936474  0.078693141
MANC_N        0.37194724  0.74162617  1.000000000  0.88082645  0.870152108 -0.55728243 -0.17994426 -0.08571704  0.45035305   0.14829248  0.04703838  0.15193938 -0.007666526
FARM_N        0.40617093  0.76412492  0.880826446  1.00000000  0.959417131 -0.57590384 -0.20108486 -0.01925888  0.49518472   0.26306481  0.11635615  0.12974526 -0.020015050
Fixation      0.38440838  0.75561252  0.870152108  0.95941713  1.000000000 -0.57767452 -0.31086271 -0.16099771  0.50336058   0.15894540  0.09745652  0.11920311 -0.003236714
ldrainden    -0.36847205 -0.77106798 -0.557282428 -0.57590384 -0.577674518  1.00000000  0.16215254  0.13318613 -0.12033891  -0.02732248  0.05461108 -0.01176485 -0.102597193
PPT30MEAN    -0.01978409 -0.12321342 -0.179944263 -0.20108486 -0.310862711  0.16215254  1.00000000  0.83410899 -0.16424659   0.33390998 -0.08816082  0.05952580 -0.152165934
meanTemp      0.04501767 -0.10008078 -0.085717043 -0.01925888 -0.160997706  0.13318613  0.83410899  1.00000000 -0.01682176   0.48663670 -0.05136862  0.02738748 -0.156258422
tiles_perc    0.26891797  0.19662466  0.450353055  0.49518472  0.503360583 -0.12033891 -0.16424659 -0.01682176  1.00000000   0.10440038 -0.01210826  0.05159480 -0.049138408
soil_CLAYAVE  0.12780063  0.11222591  0.148292483  0.26306481  0.158945402 -0.02732248  0.33390998  0.48663670  0.10440038   1.00000000  0.09308948  0.08187668 -0.215531839
rchdecay1    -0.11338961  0.03070064  0.047038377  0.11635615  0.097456518  0.05461108 -0.08816082 -0.05136862 -0.01210826   0.09308948  1.00000000 -0.17788892 -0.149711883
rchdecay2     0.06280189  0.12936474  0.151939380  0.12974526  0.119203114 -0.01176485  0.05952580  0.02738748  0.05159480   0.08187668 -0.17788892  1.00000000 -0.131536181
iresload      0.05167820  0.07869314 -0.007666526 -0.02001505 -0.003236714 -0.10259719 -0.15216593 -0.15625842 -0.04913841  -0.21553184 -0.14971188 -0.13153618  1.000000000
                                                                                                                    
  SPEARMAN CORRELATIONS FOR SUBSAMPLED LOGGED OBSERVATIONS (zero values are converted to minimum of non-zero values)
                     point        ndep      MANC_N       FARM_N    Fixation    ldrainden    PPT30MEAN     meanTemp   tiles_perc soil_CLAYAVE   rchdecay1     rchdecay2    iresload
point         1.0000000000  0.34962307  0.29463089  0.296514629  0.29044068  0.066138941  0.066100147  0.094157860  0.219514685   0.08183695 -0.13458733 -0.0002428308  0.06874847
ndep          0.3496230736  1.00000000  0.70453055  0.705076494  0.68025775 -0.702786378 -0.125923821 -0.134465146  0.108203522   0.01648159  0.02527610  0.1813735013  0.11441103
MANC_N        0.2946308865  0.70453055  1.00000000  0.849303284  0.82455857 -0.320831687 -0.187901229 -0.104882970  0.383773227   0.06281706  0.02906998  0.1003922345  0.07940674
FARM_N        0.2965146289  0.70507649  0.84930328  1.000000000  0.94321883 -0.534529496 -0.191196601 -0.007779677  0.433558237   0.19587234  0.15243183  0.0537374128  0.05541830
Fixation      0.2904406769  0.68025775  0.82455857  0.943218834  1.00000000 -0.557558977 -0.332823384 -0.177134827  0.444829459   0.06019196  0.14189650  0.0535641755  0.08229832
ldrainden     0.0661389406 -0.70278638 -0.32083169 -0.534529496 -0.55755898  1.000000000 -0.467492260 -0.349845201  0.004531793  -0.02167183 -0.39735971 -0.3506115063          NA
PPT30MEAN     0.0661001471 -0.12592382 -0.18790123 -0.191196601 -0.33282338 -0.467492260  1.000000000  0.860787918 -0.097193438   0.33808170 -0.08345629 -0.0074134894 -0.13798059
meanTemp      0.0941578595 -0.13446515 -0.10488297 -0.007779677 -0.17713483 -0.349845201  0.860787918  1.000000000  0.059039246   0.50215073 -0.05259437 -0.0288472557 -0.13997152
tiles_perc    0.2195146846  0.10820352  0.38377323  0.433558237  0.44482946  0.004531793 -0.097193438  0.059039246  1.000000000   0.08737750 -0.02551641 -0.0131427314  0.02845111
soil_CLAYAVE  0.0818369545  0.01648159  0.06281706  0.195872341  0.06019196 -0.021671827  0.338081700  0.502150733  0.087377500   1.00000000  0.05782768 -0.0167797029 -0.15523150
rchdecay1    -0.1345873341  0.02527610  0.02906998  0.152431826  0.14189650 -0.397359707 -0.083456293 -0.052594372 -0.025516414   0.05782768  1.00000000 -0.1630607237 -0.16507315
rchdecay2    -0.0002428308  0.18137350  0.10039223  0.053737413  0.05356418 -0.350611506 -0.007413489 -0.028847256 -0.013142731  -0.01677970 -0.16306072  1.0000000000 -0.09740652
iresload      0.0687484711  0.11441103  0.07940674  0.055418297  0.08229832           NA -0.137980587 -0.139971524  0.028451112  -0.15523150 -0.16507315 -0.0974065211  1.00000000
  
  
                                                     
  SUMMARY METRICS FOR EXPLANATORY VARIABLES (Reaches)
     point               ndep               MANC_N            FARM_N            Fixation           ldrainden        PPT30MEAN         meanTemp        tiles_perc        soil_CLAYAVE     rchdecay1     
 Min.   :       0   Min.   :      3.8   Min.   :      0   Min.   :       0   Min.   :     0.00   Min.   :-6.327   Min.   : 380.2   Min.   : 2.323   Min.   :0.000000   Min.   : 0.00   Min.   :0.0000  
 1st Qu.:       0   1st Qu.:  16019.1   1st Qu.:    883   1st Qu.:    4699   1st Qu.:    35.01   1st Qu.:-2.045   1st Qu.: 835.5   1st Qu.: 7.124   1st Qu.:0.000000   1st Qu.:17.98   1st Qu.:0.0000  
 Median :       0   Median :  45593.2   Median :  11610   Median :   57004   Median :   555.08   Median :-1.625   Median : 963.4   Median : 9.855   Median :0.001159   Median :24.02   Median :0.0000  
 Mean   :   20552   Mean   :  73340.8   Mean   :  64569   Mean   :  321581   Mean   :  4091.47   Mean   :-1.576   Mean   : 974.5   Mean   : 9.366   Mean   :0.075389   Mean   :23.38   Mean   :0.2328  
 3rd Qu.:    1834   3rd Qu.:  96174.4   3rd Qu.:  61877   3rd Qu.:  354068   3rd Qu.:  4452.98   3rd Qu.:-1.195   3rd Qu.:1128.0   3rd Qu.:11.821   3rd Qu.:0.054180   3rd Qu.:29.17   3rd Qu.:0.0000  
 Max.   :13697234   Max.   :1075322.0   Max.   :4341221   Max.   :13396730   Max.   :139589.30   Max.   : 4.108   Max.   :1703.6   Max.   :14.923   Max.   :0.944203   Max.   :65.90   Max.   :9.3640  
   rchdecay2         iresload       
 Min.   :0.0000   Min.   : 0.00000  
 1st Qu.:0.0000   1st Qu.: 0.00000  
 Median :0.0000   Median : 0.00000  
 Mean   :0.1417   Mean   : 0.01716  
 3rd Qu.:0.0000   3rd Qu.: 0.00000  
 Max.   :8.2760   Max.   :42.26718  
                                                                                                          
  FILTERED SUMMARY METRICS FOR EXPLANATORY VARIABLES (zero values converted to minimum of non-zero values)
     point               ndep               MANC_N            FARM_N            Fixation           ldrainden        PPT30MEAN         meanTemp        tiles_perc        soil_CLAYAVE     
 Min.   :       0   Min.   :      3.8   Min.   :      0   Min.   :       1   Min.   :     0.09   Min.   :-6.327   Min.   : 380.2   Min.   : 2.323   Min.   :0.000000   Min.   : 0.08942  
 1st Qu.:       0   1st Qu.:  16019.1   1st Qu.:    883   1st Qu.:    4699   1st Qu.:    35.01   1st Qu.:-2.045   1st Qu.: 835.5   1st Qu.: 7.124   1st Qu.:0.000000   1st Qu.:17.98351  
 Median :       0   Median :  45593.2   Median :  11610   Median :   57004   Median :   555.08   Median :-1.625   Median : 963.4   Median : 9.855   Median :0.001159   Median :24.02120  
 Mean   :   20552   Mean   :  73340.8   Mean   :  64569   Mean   :  321581   Mean   :  4091.47   Mean   :-1.576   Mean   : 974.5   Mean   : 9.366   Mean   :0.075389   Mean   :23.37560  
 3rd Qu.:    1834   3rd Qu.:  96174.4   3rd Qu.:  61877   3rd Qu.:  354068   3rd Qu.:  4452.98   3rd Qu.:-1.195   3rd Qu.:1128.0   3rd Qu.:11.821   3rd Qu.:0.054180   3rd Qu.:29.16555  
 Max.   :13697234   Max.   :1075322.0   Max.   :4341221   Max.   :13396730   Max.   :139589.30   Max.   : 4.108   Max.   :1703.6   Max.   :14.923   Max.   :0.944203   Max.   :65.90273  
   rchdecay1        rchdecay2         iresload       
 Min.   :0.0100   Min.   :0.0040   Min.   : 0.00000  
 1st Qu.:0.0100   1st Qu.:0.0040   1st Qu.: 0.00000  
 Median :0.0100   Median :0.0040   Median : 0.00000  
 Mean   :0.2408   Mean   :0.1452   Mean   : 0.01716  
 3rd Qu.:0.0100   3rd Qu.:0.0040   3rd Qu.: 0.00000  
 Max.   :9.3640   Max.   :8.2760   Max.   :42.26718  
